1490752801,16.8,13374,279
1490756402,0,0,0
1490760001,0,0,0
1490763601,0,4971,72
1490767201,0,0,0
1490770801,0,0,0
1490774402,0,10246,1
1490778001,0,0,0
1490781602,0,0,0
1490785201,0,0,0
1490788801,0,0,0
1490792401,28.2,28515,233
1490796001,2.4,20117,25
1490799601,0,0,0
1490803202,0,0,0
1490806802,0,0,0
1490810401,0,39952,1
1490814002,0,0,0
1490817602,32.4,19977,313
1490821201,8.4,23534,69
1490824801,0,0,0
1490828401,0,0,0
1490832001,0,0,0
1490835601,0,0,0
1490839201,0.6,11690,27
1490842801,0,0,0
1490846401,8.4,21290,83
1490850001,0,38800,2
1490853601,0,0,0
1490857201,0,0,0
1490860802,0,0,0
1490864401,0,0,0
1490868001,0,0,0
1490871601,0,0,0
1490875201,0.6,39952,2
1490878802,0,39952,1
1490882401,3.6,21309,34
1490886001,0,4973,72
1490889601,4.2,24410,37
1490893201,0,0,0
1490896801,15.6,24956,133
1490900401,36.6,37744,271
1490904001,61.8,20983,545
1490907601,0,0,0
1490911201,0,0,0
1490914801,0,0,0
1490918401,0,0,0
1490922001,0,0,0
1490925602,0.6,12534,17
1490929201,0,0,0
1490932801,0,0,0
1490936401,0,0,0
1490940002,0,39952,1
1490943601,0,9698,2
1490947202,0,0,0
1490950801,0,0,0
1490954401,0,39952,1
1490958002,1.2,39965,6
1490961601,1.2,39964,4
1490965201,0,0,0
1490968801,0,0,0
1490972401,5.4,23145,37
1490976001,6,23923,51
1490979601,0,0,0
1490983201,0,0,0
1490986801,0,4973,72
1490990401,0,0,0
1490994002,0,0,0
1490997601,0,0,0
1491001201,0,0,0
1491004801,0,0,0
1491008402,0,0,0
1491012001,0.6,13445,15
1491015601,0,0,0
1491019201,0,0,0
1491022801,0,0,0
1491026401,0,0,0
1491030001,0,9698,2
1491033601,0.6,39952,3
1491037201,0,0,0
1491040801,0,0,0
1491044402,0,0,0
1491048001,0,0,0
1491051602,0,4971,72
1491055201,0,0,0
1491058801,0,0,0
1491062401,0,0,0
1491066001,0,0,0
1491069601,0,0,0
1491073201,0,0,0
1491076801,0,0,0
1491080401,0,0,0
1491084001,0,0,0
1491087601,0,0,0
1491091201,0,0,0
1491094802,0,0,0
1491098402,0.6,12353,15
1491102001,0,0,0
1491105601,0,0,0
1491109201,0,0,0
1491112801,0,0,0
1491116401,0,9698,2
1491120002,0,0,0
1491123601,0,0,0
1491127201,0,0,0
1491130801,0,0,0
1491134401,0,0,0
1491138001,0,4974,24
1491141601,0,0,0
1491145201,2.4,18586,27
1491148801,0,0,0
1491152401,0,0,0
1491156001,0,0,0
1491159602,0,0,0
1491163201,0,0,0
1491166801,0,0,0
1491170401,0,0,0
1491174002,0,0,0
1491177601,0,0,0
1491181201,0,0,0
1491184801,0,0,0
1491188401,0.6,12072,15
1491192001,0,0,0
1491195601,0,0,0
1491199201,0,0,0
1491202801,0.6,19783,3
1491206402,0,0,0
1491210001,0,0,0
1491213601,0,0,0
1491217201,0,0,0
1491220801,0,4971,72
1491224401,0,0,0
1491228001,0,0,0
1491231601,0,0,0
1491235201,0,0,0
1491238801,0,0,0
1491242401,0,0,0
1491246001,0,0,0
1491249601,0,0,0
1491253201,0,0,0
1491256802,0,0,0
1491260401,0,0,0
1491264001,0,0,0
1491267601,0,0,0
1491271201,0,0,0
1491274801,0.6,13449,15
1491278401,0,0,0
1491282001,0,0,0
1491285601,0,0,0
1491289201,0,9698,2
1491292801,0,0,0
1491296401,0,0,0
1491300001,0,0,0
1491303601,0,0,0
1491307201,0,4971,72
1491310801,0,0,0
1491314401,0,0,0
1491318001,0,0,0
1491321601,0,0,0
1491325201,0,0,0
1491328801,0,0,0
1491332401,0,0,0
1491336001,0,0,0
1491339601,0,0,0
1491343201,4.8,17968,54
1491346801,0.6,17275,6
1491350401,52.8,25101,331
1491354001,0,0,0
1491357601,1.2,29462,7
1491361201,4.8,18046,62
1491364801,7.2,15817,62
1491368401,35.4,25727,233
1491372001,0.6,37188,6
1491375601,0,9698,2
1491379201,0,0,0
1491382801,0,0,0
1491386402,1.2,34754,6
1491390001,0,0,0
1491393601,2.4,18856,26
1491397202,14.4,8707,98
1491400801,0.6,39952,2
1491404401,1.2,36962,4
1491408001,0,0,0
1491411601,0.6,33965,2
1491415201,0,0,0
1491418801,0.6,35961,3
1491422401,0,39952,1
1491426002,27,21657,204
1491429601,0.6,33965,2
1491433201,0.6,33965,2
1491436801,0,0,0
1491440402,0,0,0
1491444001,0.6,33965,2
1491447601,3,14071,31
1491451201,4.8,39608,25
1491454801,0.6,33965,2
1491458401,0.6,33965,2
1491462002,3.6,5087,86
1491465601,0,0,0
1491469201,0,0,0
1491472801,0.6,33965,2
1491476402,0.6,33965,2
1491480001,0.6,33965,2
1491483601,0,0,0
1491487201,0,0,0
1491490802,0.6,33965,2
1491494401,0,0,0
1491498001,0.6,33965,2
1491501601,0,0,0
1491505202,3,18542,27
1491508802,52.2,40405,328
1491512402,0,0,0
1491516001,0,0,0
1491519602,0,0,0
1491523202,1.8,34949,6
1491526802,0,0,0
1491530402,0.6,33965,2
1491534001,1.2,34621,4
1491537601,4.2,29027,35
1491541201,0.6,33973,2
1491544801,0.6,33973,2
1491548401,0.6,21836,4
1491552001,0.6,33973,2
1491555601,0.6,33973,2
1491559201,0.6,33973,2
1491562802,0.6,35966,3
1491566401,0.6,35966,3
1491570001,0,0,0
1491573602,0,0,0
1491577201,0,0,0
1491580801,3,5651,86
1491584402,0.6,33973,2
1491588002,0,0,0
1491591601,0,0,0
1491595201,0.6,33973,2
1491598801,0.6,33973,2
1491602402,0,0,0
1491606001,0.6,33973,2
1491609602,0.6,33973,2
1491613201,0,0,0
1491616801,0.6,33973,2
1491620402,2.4,35321,4
1491624001,4.8,29108,35
1491627601,0.6,33973,2
1491631201,0,0,0
1491634801,0,9699,2
1491638402,0.6,33973,2
1491642002,0,0,0
1491645601,0.6,33973,2
1491649201,0.6,33973,2
1491652802,0,0,0
1491656401,0,0,0
1491660001,0,0,0
1491663601,0.6,33973,2
1491667201,0,0,0
1491670801,4.2,5655,86
1491674401,0,0,0
1491678001,0.6,33973,2
1491681601,0,0,0
1491685201,0,0,0
1491688801,0.6,33973,2
1491692402,3.6,18892,29
1491696001,0,0,0
1491699601,0.6,33973,2
1491703202,0.6,33973,2
1491706801,1.2,35125,4
1491710401,0.6,13462,15
1491714001,4.2,40844,20
1491717601,0,0,0
1491721201,0,9699,2
1491724801,0.6,33973,2
1491728402,0,0,0
1491732001,0.6,33973,2
1491735601,0.6,33973,2
1491739201,0.6,33973,2
1491742801,0.6,33973,2
1491746401,1.2,34489,4
1491750001,3,5453,73
1491753602,0,0,0
1491757201,0.6,35365,2
1491760801,0.6,35365,2
1491764401,2.4,34891,10
1491768001,0.6,33973,2
1491771601,0.6,33973,2
1491775201,0.6,33973,2
1491778802,0.6,33973,2
1491782401,0,0,0
1491786001,0,0,0
1491789601,1.8,34685,6
1491793201,1.2,34085,4
1491796801,1.2,15870,17
1491800401,4.2,40634,20
1491804001,0.6,33973,2
1491807601,0,9699,2
1491811201,0.6,33973,2
1491814801,2.4,34691,8
1491818402,0,0,0
1491822001,0,0,0
1491825601,3,5651,86
1491829201,0.6,33973,2
1491832801,0,0,0
1491836401,0.6,33973,2
1491840001,1.8,34273,8
1491843602,0.6,33973,2
1491847201,0.6,33973,2
1491850802,0.6,33973,2
1491854402,0.6,33973,2
1491858001,0.6,33973,2
1491861601,0.6,33973,2
1491865201,3,34453,10
1491868801,0.6,33973,2
1491872401,0.6,33973,2
1491876001,0.6,33973,2
1491879601,1.2,34629,4
1491883201,0,0,0
1491886801,1.2,15874,17
1491890401,5.4,39618,24
1491894001,0,9699,2
1491897601,0.6,33973,2
1491901202,0.6,33973,2
1491904801,0.6,33973,2
1491908401,0,0,0
1491912001,0.6,33973,2
1491915601,5.4,11447,46
1491919201,0,0,0
1491922802,0.6,33973,2
1491926401,0.6,33973,2
1491930002,0.6,33973,2
1491933601,0.6,33973,2
1491937201,0.6,33973,2
1491940801,0.6,33973,2
1491944402,3,29139,12
1491948001,0.6,34245,2
1491951601,0.6,34245,2
1491955201,0.6,34245,2
1491958802,0,0,0
1491962401,0.6,34245,2
1491966001,1.8,34733,6
1491969602,0.6,33973,2
1491973201,1.2,15878,17
1491976801,4.2,40496,20
1491980401,0.6,21836,4
1491984001,0.6,33973,2
1491987602,0.6,33973,2
1491991201,0.6,33973,2
1491994802,0.6,33973,2
1491998401,0.6,33973,2
1492002001,0.6,33973,2
1492005601,2.4,4987,36
1492009201,2.4,34675,8
1492012801,0.6,33973,2
1492016401,2.4,34995,8
1492020001,0.6,33973,2
1492023601,0.6,33973,2
1492027201,0.6,33973,2
1492030801,0.6,33973,2
1492034402,0.6,33973,2
1492038001,0.6,33973,2
1492041601,0.6,33973,2
1492045202,0.6,33973,2
1492048801,0.6,33973,2
1492052401,0.6,33973,2
1492056001,4.2,40431,20
1492059602,0.6,13462,15
1492063201,0,0,0
1492066801,0.6,21836,4
1492070401,0,0,0
1492074002,0.6,33973,2
1492077601,0.6,33973,2
1492081201,0.6,33973,2
1492084802,0.6,33973,2
1492088402,0,0,0
1492092001,0,0,0
1492095601,3,34527,10
1492099201,3.6,6509,38
1492102801,0.6,33973,2
1492106401,0.6,33973,2
1492110001,9.6,19049,85
1492113601,0.6,36869,5
1492117201,0,0,0
1492120801,0,0,0
1492124401,0,0,0
1492128001,0.6,33973,2
1492131601,3,18492,26
1492135201,0,0,0
1492138801,0.6,33973,2
1492142401,0,0,0
1492146001,4.8,24444,47
1492149601,0.6,33973,2
1492153201,0.6,21836,4
1492156801,0,21944,2
1492160401,0.6,33973,2
1492164001,0,0,0
1492167601,1.2,37959,6
1492171202,0.6,33973,2
1492174802,0.6,33973,2
1492178402,0,0,0
1492182002,3.6,5652,86
1492185602,0.6,33973,2
1492189202,0.6,35966,3
1492192801,0.6,33973,2
1492196401,0.6,33973,2
1492200002,1.8,34738,6
1492203601,6.6,26994,41
1492207201,0.6,32062,3
1492210801,0.6,33973,2
1492214402,0.6,33973,2
1492218001,0.6,33973,2
1492221601,0.6,33973,2
1492225201,1.2,33989,4
1492228801,0.6,33973,2
1492232401,4.2,28908,35
1492236001,0.6,33973,2
1492239601,0.6,21836,4
1492243201,0,0,0
1492246801,0.6,33973,2
1492250401,0.6,33973,2
1492254001,0.6,33973,2
1492257601,0.6,33973,2
1492261201,3,5652,86
1492264801,1.8,34909,6
1492268401,0.6,33973,2
1492272001,4.2,19701,29
1492275601,0.6,33973,2
1492279201,0.6,35582,3
1492282801,0.6,35582,3
1492286401,0.6,33973,2
1492290001,0.6,33973,2
1492293601,0,0,0
1492297201,0.6,33973,2
1492300801,0.6,33973,2
1492304401,0.6,33973,2
1492308001,0.6,33973,2
1492311601,1.2,34893,4
1492315201,4.2,40495,20
1492318801,1.2,14584,19
1492322401,0.6,33973,2
1492326001,0,9699,2
1492329601,0.6,35966,3
1492333201,0.6,33973,2
1492336801,0,0,0
1492340401,2.4,34783,8
1492344001,3,4977,84
1492347601,0.6,33973,2
1492351201,1.2,35149,6
1492354801,1.8,34431,8
1492358401,2.4,34673,8
1492362001,1.2,34725,6
1492365601,0.6,33973,2
1492369201,0,0,0
1492372801,0.6,33973,2
1492376401,0.6,33973,2
1492380001,0.6,33973,2
1492383601,0.6,33973,2
1492387201,0.6,33973,2
1492390801,0.6,33973,2
1492394401,1.2,34485,4
1492398001,0.6,33973,2
1492401601,0.6,33973,2
1492405202,3.6,41217,18
1492408802,1.2,15877,17
1492412401,2.4,30701,12
1492416001,0.6,33973,2
1492419602,0.6,33973,2
1492423201,0.6,33973,2
1492426801,0.6,33973,2
1492430401,3,4661,82
1492434001,0,17914,2
1492437602,0,0,0
1492441201,2.4,34679,8
1492444801,0.6,33973,2
1492448401,0.6,33973,2
1492452001,0.6,33973,2
1492455601,0.6,33973,2
1492459201,0,0,0
1492462801,0.6,33973,2
1492466401,0.6,33973,2
1492470001,0,0,0
1492473601,0.6,33973,2
1492477201,0.6,33973,2
1492480801,0.6,33973,2
1492484401,1.2,34905,4
1492488001,3.6,40623,20
1492491601,0,0,0
1492495201,1.2,15885,17
1492498801,0.6,21836,4
1492502401,0.6,33973,2
1492506002,2.4,34779,8
1492509602,0.6,33973,2
1492513201,0.6,33973,2
1492516801,3.6,6512,38
1492520401,0.6,33973,2
1492524001,0,0,0
1492527602,0.6,33973,2
1492531201,0,0,0
1492534802,0,0,0
1492538401,0.6,33973,2
1492542001,0.6,33973,2
1492545601,0.6,33973,2
1492549201,0.6,33973,2
1492552801,1.8,26817,8
1492556401,2.4,34845,8
1492560001,0.6,33973,2
1492563602,0,0,0
1492567201,0.6,33973,2
1492570801,1.2,33989,4
1492574401,0.6,33973,2
1492578001,4.2,40493,20
1492581601,1.2,15882,17
1492585202,0.6,21836,4
1492588801,0.6,33973,2
1492592401,2.4,34677,8
1492596002,0.6,33973,2
1492599602,0.6,33973,2
1492603201,0.6,33973,2
1492606802,0.6,33973,2
1492610401,1.8,35133,6
1492614001,0.6,33973,2
1492617601,1.8,34906,6
1492621201,0.6,33973,2
1492624801,3.6,6509,38
1492628402,0.6,33973,2
1492632001,0.6,33973,2
1492635601,0.6,33973,2
1492639202,0.6,33973,2
1492642801,0.6,33973,2
1492646402,0,0,0
1492650001,0,0,0
1492653601,0.6,33973,2
1492657201,1.2,35117,4
1492660802,0,0,0
1492664401,3.6,40495,20
1492668001,0.6,13472,15
1492671601,0.6,21836,4
1492675201,0.6,33973,2
1492678801,0.6,33973,2
1492682401,0.6,33973,2
1492686001,0.6,33973,2
1492689602,2.4,6512,38
1492693201,0,0,0
1492696802,0.6,33973,2
1492700401,0,0,0
1492704001,1.8,34746,6
1492707601,0,0,0
1492711202,0,0,0
1492714801,2.4,45382,6
1492718402,1.8,35050,6
1492722002,0.6,33973,2
1492725601,0.6,33973,2
1492729201,0.6,33973,2
1492732801,0.6,33973,2
1492736401,0.6,33973,2
1492740001,0.6,33973,2
1492743601,1.2,34629,4
1492747201,0.6,33973,2
1492750801,4.2,41821,21
1492754401,1.2,15880,17
1492758001,0.6,21836,4
1492761601,0.6,33973,2
1492765201,0.6,33973,2
1492768801,0.6,33973,2
1492772402,1.8,34741,6
1492776001,3,5655,86
1492779602,0.6,33973,2
1492783201,1.8,34581,6
1492786801,0.6,33973,2
1492790401,0.6,33973,2
1492794001,0.6,33973,2
1492797602,0.6,33973,2
1492801201,0.6,33973,2
1492804802,0.6,33973,2
1492808402,1.8,35309,6
1492812001,0.6,33973,2
1492815601,0.6,33973,2
1492819201,0.6,33973,2
1492822802,0.6,33973,2
1492826401,0.6,33973,2
1492830002,1.2,34629,4
1492833601,0,0,0
1492837201,4.2,41819,21
1492840802,0.6,33973,2
1492844401,1.2,14794,19
1492848001,0.6,33973,2
1492851602,0.6,33973,2
1492855201,0.6,33973,2
1492858801,3,6508,38
1492862402,0.6,33973,2
1492866002,0,0,0
1492869601,0,0,0
1492873202,0.6,33973,2
1492876801,0,0,0
1492880401,0.6,33973,2
1492884001,0.6,33973,2
1492887601,0.6,33973,2
1492891202,0.6,33973,2
1492894801,0.6,33973,2
1492898401,1.8,35098,6
1492902001,0.6,33973,2
1492905601,0.6,33973,2
1492909201,0.6,33973,2
1492912801,0.6,33973,2
1492916401,1.2,34629,4
1492920001,0.6,33973,2
1492923601,4.2,41821,21
1492927202,0,0,0
1492930801,0.6,12305,17
1492934401,0.6,33973,2
1492938001,0.6,33973,2
1492941601,0.6,33973,2
1492945201,3.6,6509,38
1492948801,0.6,33973,2
1492952401,0,0,0
1492956002,0,0,0
1492959601,0.6,33973,2
1492963202,0,0,0
1492966801,0.6,33973,2
1492970401,0.6,33973,2
1492974001,0,0,0
1492977601,0.6,33973,2
1492981201,0,0,0
1492984802,0.6,33973,2
1492988401,2.4,34783,8
1492992001,0.6,33973,2
1492995601,0.6,33973,2
1492999201,0.6,33973,2
1493002801,1.2,34629,4
1493006401,0.6,33973,2
1493010001,4.2,41821,21
1493013601,0,0,0
1493017201,1.2,15234,19
1493020801,0.6,33973,2
1493024401,0.6,33973,2
1493028001,0.6,33973,2
1493031601,3,6509,38
1493035201,0.6,33973,2
1493038802,0.6,33973,2
1493042402,0,0,0
1493046001,0.6,33973,2
1493049601,0.6,33973,2
1493053201,0.6,33973,2
1493056801,0.6,33973,2
1493060402,0.6,33973,2
1493064002,1.8,34914,6
1493067601,0.6,33973,2
1493071202,0.6,33973,2
1493074801,6,17633,52
1493078402,0.6,33973,2
1493082001,0.6,33973,2
1493085601,0.6,33973,2
1493089201,1.2,34629,4
1493092801,0.6,33973,2
1493096401,4.2,41720,21
1493100001,0.6,33973,2
1493103602,1.2,15232,19
1493107201,0.6,27990,4
1493110801,0,0,0
1493114401,0.6,33973,2
1493118001,2.4,5652,86
1493121602,0,0,0
1493125201,0.6,33973,2
1493128802,0,0,0
1493132402,1.2,36962,4
1493136002,5.4,19293,53
1493139601,0.6,35582,3
1493143201,0.6,33973,2
1493146801,0.6,33973,2
1493150401,0.6,33973,2
1493154001,10.2,27152,78
1493157601,47.4,57112,190
1493161201,154.8,58222,886
1493164801,6.6,55280,34
1493168401,141,57152,813
1493172001,1.2,45332,6
1493175602,2.4,36916,11
1493179201,1.8,47876,10
1493182801,4.8,46682,28
1493186401,1.8,51309,11
1493190001,4.2,29609,49
1493193601,2.4,49388,14
1493197201,1.2,48615,8
1493200802,0.6,33973,2
1493204401,4.2,8773,92
1493208001,0.6,38662,4
1493211602,0.6,33973,2
1493215201,0,0,0
1493218801,0.6,33973,2
1493222401,0,0,0
1493226001,0.6,33973,2
1493229602,0.6,33973,2
1493233201,0.6,33973,2
1493236801,0.6,33973,2
1493240401,7.8,57815,45
1493244001,0.6,28219,5
1493247601,0.6,33973,2
1493251201,0.6,33973,2
1493254801,3,19696,29
1493258401,127.8,29485,996
1493262001,77.4,30026,635
1493265601,45.6,44307,313
1493269201,82.2,56550,500
1493272802,1.2,34197,10
1493276401,77.4,55678,448
1493280002,1.8,38988,14
1493283601,1.8,38985,14
1493287202,3,42531,19
1493290801,10.8,8709,199
1493294402,3,44100,19
1493298001,1.2,34197,10
1493301602,1.2,34253,8
1493305201,1.2,34197,10
1493308802,4.2,46120,27
1493312401,159,57303,876
1493316001,223.8,57812,1217
1493319601,58.2,43752,379
1493323201,331.2,58001,1878
1493326801,309.6,57756,1747
1493330401,22.8,53257,139
1493334001,110.4,57828,614
1493337601,1.2,34197,10
1493341201,1.2,34197,10
1493344801,4.8,46737,31
1493348401,3,34460,14
1493352001,1.2,34253,8
1493355601,4.2,47356,30
1493359201,6,43428,35
1493362801,2.4,20866,27
1493366401,5.4,8087,94
1493370001,1.2,34197,10
1493373601,1.2,34197,10
1493377201,1.8,35156,12
1493380802,1.2,34197,10
1493384401,1.2,34197,10
1493388001,1.2,34253,8
1493391601,1.2,34197,10
1493395201,1.2,34197,10
1493398801,1.2,34253,8
1493402401,1.2,34197,10
1493406001,1.2,34197,10
1493409601,1.2,34197,10
1493413201,1.2,34197,10
1493416802,1.2,34197,10
1493420401,1.2,34197,10
1493424001,1.2,34197,10
1493427601,3,34462,14
1493431201,1.8,29176,16
1493434801,1.8,34378,12
1493438401,1.2,34197,10
1493442001,1.2,34197,10
1493445601,4.8,39662,29
1493449202,2.4,20718,27
1493452801,2.4,32020,11
1493456401,1.2,34197,10
1493460002,1.2,34197,10
1493463601,4.8,11337,46
1493467201,1.2,34197,10
1493470801,1.2,34197,10
1493474402,1.2,34253,8
1493478002,1.2,34197,10
1493481601,1.2,34197,10
1493485202,1.2,34253,8
1493488801,1.8,34197,10
1493492401,1.2,34197,10
1493496001,1.2,34197,10
1493499602,1.2,34197,10
1493503202,1.2,34253,8
1493506801,1.2,34197,10
1493510401,1.2,34197,10
1493514001,1.8,34197,10
1493517601,1.2,34197,10
1493521201,2.4,34544,12
1493524802,1.2,34197,10
1493528401,4.8,39662,29
1493532001,1.2,34197,10
1493535601,2.4,20871,27
1493539201,1.2,34197,10
1493542801,1.2,34197,10
1493546401,1.2,34197,10
1493550001,4.2,11337,46
1493553601,1.2,34197,10
1493557201,1.2,34197,10
1493560802,0.6,34253,8
1493564401,1.2,34197,10
1493568002,1.2,34197,10
1493571601,1.2,34197,10
1493575201,1.2,34197,10
1493578801,1.2,34197,10
1493582401,1.2,34197,10
1493586001,1.2,34197,10
1493589601,1.2,34253,8
1493593201,1.2,34197,10
1493596801,1.2,34197,10
1493600401,1.2,34197,10
1493604002,1.2,34197,10
1493607601,2.4,34542,12
1493611201,4.8,39624,29
1493614802,1.2,34197,10
1493618401,0.6,34253,8
1493622001,1.2,30114,12
1493625601,1.2,20523,23
1493629201,1.2,34197,10
1493632801,1.2,34197,10
1493636402,4.8,11337,46
1493640002,1.2,34197,10
1493643601,1.2,34197,10
1493647201,0.6,34253,8
1493650801,1.2,34197,10
1493654401,1.2,34197,10
1493658001,1.8,34197,10
1493661601,1.8,34197,10
1493665201,1.2,34197,10
1493668801,1.2,34197,10
1493672401,1.2,34197,10
1493676002,1.2,34253,8
1493679602,1.2,34197,10
1493683201,1.2,34197,10
1493686801,1.2,34197,10
1493690402,1.2,34197,10
1493694001,2.4,34466,12
1493697601,4.8,39695,29
1493701201,0.6,34253,8
1493704801,1.2,34197,10
1493708401,1.2,29342,10
1493712001,1.8,20699,23
1493715601,0.6,34253,8
1493719201,1.2,34253,8
1493722801,1.2,34197,10
1493726401,4.2,11336,46
1493730002,1.2,34197,10
1493733601,1.2,34253,8
1493737202,1.2,34197,10
1493740801,1.2,34197,10
1493744401,1.2,34197,10
1493748001,1.2,34197,10
1493751601,1.2,34197,10
